350 760 208 298 872 792 898 761 586 166 548 431 340 255 223 783 531 755 741 631 622 391 684 814 124 811 103 559 736 452 615 325 187 955 348 140 808 551 243 443 979 484 715 145 155 698 238 987 249 910 971 682 675 558 284 409 544 833 445 331 824 395 78 55 7 524 896 508 784 385 323 116 831 598 936 587 197 676 210 384 142 274 648 252 632 504 363 203 454 957 15 257 295 270 192 332 343 358 846 845
363
408 233 766 8 167 71 874 976 413 315 707 101 464 292 62 305 254 52 621 440 430 902 801 783 360 879 304 31 484 582 894 401 870 351 568 847 919 624 846 140 762 527 904 642 448 775 574 197 380 383 541 431 848 57 590 492 364 648 152 70 960 234 64 79 716 298 191 86 75 995 597 240 912 871 126 555 409 376 346 554 565 510 36
86
708 51 379 362 695 215 99 340 598 354 267 140 289 458 240 590 290 612 790 948 279 353 870 671 156 412 466 545 863 916 457 245 305 776 538 997 346 314 105 1000 123 225 331 351 785
671
421 501 332 555 355 50 168 213 898 609 862 660 93 480 250 508 896 262 994 31 684 389 999 635 443 338 117 790 527 996 300 975 201 601 129 34 453 19 481 747 240 945 414 397 47 492 713 203 238 926 477 972 383 299 55 783 581 430 772 425 973 26 415 534 85 358 242 78 607 160 114 917 266 676 22 960 284 638 402 23 276 892 707 486 432 302 992 386 226 156 573 924 572 590 902 116 642 886 261 604 157 796 297 328 460 347 216 517 384 883 63 961 67 159 123
123
783 360 494 131 222 455 519 177 525 240 446 795 93 880 937 908 450 758 792 393 601 826 524 760 694 283 26 538 938 497 340 104 850 435 377 863 618 709 922 585 480 622 717 929 879 700 728 215 246 773 600 341 632 529 361 410 470 80 852 614 1 355 965
700
101 693 935 118 582 374 183 697 103 999 768 748 209 475 598 339 931 395 978 988 641 944 21 589 205 761 462 381 928 990 260 424 81 65 382 313 500 736
424
605 600 454 87 498 786 70 530 761 626 297 851 926 432 505 686 175 486 99 323 613 896 507 26 829 977 543 519 248 43 955 3 531 183 18 567 191 706 900 242 917 331 903 464 988 450 426 902 109 967 661 487 251 101 273 134 725 747 905 961 513 855 922 712 411 419 222 382 233 391 766 807 104 604
3
472 729 742 889 195 299 916 267 37 724 331 751 853 443 733 918 985 447 699 228 202 414 418 218 773 288 518 979 652 230 227 425 660 436 892 723 342 246 626 71 245 896 890 239 664 81 758 300 869 47 269 446 991 819 127 730 736 495 706 564 813 343 53 110 14 619 540 927 463 362 816 170 250 906 339 558 966 645 885 126 904 442 178 740 718 167 515 448 914 310 843 504 569 791 917 159
47
498 518 754 993 834 996 409 432 85 741 797 457 887 435 460 748 49 950 985 272 195 510 407 727 221 372 725 76 359 621 918 19 156 844 35 98 493 972 817 330 27 874 862 305 762 418 375 153 364 818 532 816 97 759 800 313 80 580 563 103 9 362 18 798 236 540 184 379 822 696 772 271 353 915 41 642 765 840 952 975 369 928 322 560 69 212 381 900
156
373 170 423 130 144 648 400 65 689 134 407 853 914 237 502 864 286 39 417 536 989 730 514 878 428 397 137 451 106 768 976 368 131 747 156 346 963 484 495 562 663 22 824 58 658 469 178 685 560 978 813 721 481 559 207 758 820 917 140
978
